00000000110000000000001010001101
00000000000100000000001100001101
00000000011100000010000000100011
00000000011100110010001000100011
00000000000100000000111100001101
00000000000000111010111000000011
00000000010000111010111010000011
00000001110111100000001110110011
00000000011100111010010000100011
00000000010000111000001110001101
00000001110011101010000000100011
00000001110100111010000000100011 
11111111111100101000001010001101
00000000010111110010111110110011
00000001111111110010000000000011
00000000101000000000010100001101